A1=[4 1 -1;3 2 -6;1 -5 3];
b1=[9;-2;1];
A2=[4 -3 3;3 2 -6;1 -5 3];
b2=[-1;-2;1];
A3=[4 1;3 2;1 -5];
b3=[1;1;1];
A4=[2 1 -1 1;1 2 1 -1;1 1 2 1];
b4=[1;2;3];
X1=A1\b1
X2=A2\b2
X3=A3\b3
X4=A4\b4